                      90                      50                      50                      50                      50                      50                      50                      50                      50                      50                      70
                      90       60.21984421253069       50.62858306070931       50.63490042549572       50.63872127914709                   50.64       50.63872127914709       50.63490042549572       50.62858306070931       55.41984421253068                      70
                      90       65.68502313761688       53.56058496540449       51.26920168831904       51.27683244642255       51.27938621399061       51.27683244642255       51.26920168831904       52.40858496540449       58.38902313761687                      70
                      90       69.23059663578853       56.54910120094426       52.45586548226011       51.91433524784113       51.91816040555794       51.91433524784113       52.17938548226011       54.19902120094426       60.36019663578854                      70
                      90       71.79153875136734         59.238866593532       53.94317522397947       52.68394182110081       52.55632432985387       52.61758662110081       53.23538642397947         55.821573793532       61.81491155136735                      70
                      90       73.76877234568937       61.60912504342919       55.54682556147692       53.59425091903952        53.2416554776524       53.38987690303951       54.34269986547692       57.26787294742919       62.96077592968939                      70
                      90       75.36579584271216        63.7010715810124       57.16805994845621       54.61696720643868       54.00185152567822       54.22170255107868       55.45096431965621        58.5607111842124       63.90373720335218                      70
                      90       76.69831523018398       65.56126567271617       58.75862090768121       55.72032298028747       54.84224353515684       55.10268240858827       56.53718116818681       59.72528124202177       64.70435824248479                      70
                      90       77.83767189367823       67.23010588360937       60.29696457421083       56.87749669517771       55.75548793161173       56.02317806041547       57.59294590909927       60.78369876512181         65.400177996708                      70
                      90       78.83065900930961       68.74055087247956       61.77514662299425       58.06760816203692       56.72901566578047       56.97439799233378       58.61688273635629       61.75445615596639       66.01602447444807                      70
                      90       79.70951910676678       70.11906286615161       63.19193483773669       59.27487647271222       57.74916962325481       57.94842385167347       59.61060444399303       62.65279799240489       66.56924641667561                      70
                      90       80.49736923592579       71.38684469778899       64.54925198244612        60.4875221155954       58.80316028194507       58.93824745815678       60.57670797895091       63.49120222332032       67.07252386737918                      70
                      90       81.21131894268144       72.56093139596885       65.85035949157995       61.69681172271059       59.87982804431196       59.93777834000365        61.5178564981047        64.2798238599551       67.53544515716473                      70
                      90       81.86435359775756       73.65507021083586       67.09894570960036       62.89630838357066       60.96981219809364       60.94181030612899       62.43641033250027       65.02688386515064       67.96543342064557                      70
                      90       82.46652493396522       74.68041140410986       68.29868305714547       64.08130353645039       62.06545082853661        61.9459560456767       63.33432039950297       65.73900517134264       68.36832171890252                      70
                      90       83.02573591517896         75.646046908713       69.45302720094583       65.24839125066499       63.16057673054954       62.94656351762848       64.21313772532191       66.42149985822481       68.74873274748222                      70
                      90       83.54827814651486       76.55943060111002       70.56513972823826       66.39514967305178        64.2502890442762       63.94062577772305       65.07406725286789       67.07861190045921       69.11034520719539                      70
                      90       84.03921219298481       77.42670726322729       71.63787234997845       67.51990201453749       65.33073641120959       64.92569219487767       65.91803243975076        67.7137202393633       69.45609057638249                      70
                      90       84.50264429605733       78.25297112789869       72.67378027414806       68.62153642939171       66.39892554408863       65.89978574471397       66.74573627838394       68.32950710905021       69.78830416969677                      70
                      90       84.94193231717618       79.04246994406593        73.6751479818024       69.69936961880758       67.45255860471146       66.86132870379177       67.55771357515877       68.92809646495481       70.10884408694506                      70
                      90       85.35984180403811       79.79876670337846        74.6440188711226       70.75304306169036        68.4898980718738       67.80907752828767       68.35437352507745       69.51116706139074       70.41918628933126                      70
                      90       85.75866595944133       80.52486830850469       75.58222458209599       71.78244373754521        69.5096559389691       68.74206677712498        69.1360333600588       70.08004428809059       70.72050117771671                      70
                      90       86.14031890548129       81.22332831110072       76.49141209923761       72.78764334772622       70.51090361178478       69.65956143501877       69.90294442837804       70.63577437958254       71.01371545408512                      70
                      90       86.50640883804512       81.89632922361423       77.37306791521773        73.7688515906101       71.49299902598689       70.56101675499593       70.65531212375662       71.17918410988339       71.29956209975475                      70
                      90       86.85829582198156        82.5457486777718       78.22853913682277       74.72638017215345       72.45552789645863       71.44604466768342        71.3933109374202       71.71092861149141       71.57862069077517                      70
                      90       87.19713772262632       83.17321276326369       79.05905170062562       75.66061505665442       73.39825646771934        72.3143858264734       72.11709569995618       72.23152952945173        71.8513498384917                      70
                      90       87.52392689147965        83.7801391591869       79.86572598660138       76.57199506901019       74.32109357516474       73.16588642915538       72.82680987489496       72.74140534525171       72.11811321561478                      70
                      90       87.83951959430495       84.36777211422596       80.64959015329573       77.46099540985625       75.22406021864541       74.00047905032221        73.5225915862988       73.24089538196255       72.37920036751078                      70
                      90       88.14465970898348       84.93721089953098       81.41159151098923       78.32811498153822       76.10726518413844       74.81816681850125       74.20457791411944       73.73027872824414       72.63484329530729                      70
                      90       88.43999787708952       85.48943302125888       82.15260622266672        79.1738666763776       76.97088552776147       75.61901036834963       74.87290787205671       74.20978908965868       72.88522962086907                      70
                      90       88.72610703371936       86.02531321570544       82.87344758871517       79.99876997096621        77.8151509651705       76.40311708664527       75.52772438888721       74.67962638563402       73.13051299690068                      70
                      90       89.00349504183406       86.54563904226043       83.57487313642879       80.80334531698207       78.64033139571542       77.17063224917648       76.16917554106409       75.13996575382811        73.3708213034712                      70
                      90        89.2726150044269       87.05112372546783       84.25759070265688       81.58810993169239       79.44672694165007       77.92173171354594       76.79741522757014       75.59096449538841       73.60626307125445                      70
                      90       89.53387370894495        87.5424167676527       84.92226366859575        82.3535746782608       80.23466000451523       78.65661589080383       77.41260343397643       76.03276739002919       73.83693248847621                      70
                      90        89.7876385654187       88.02011275049848       85.56951548018475       83.10024179338934       81.00446893892344       79.37550476760309       78.01490619856338       76.46551072491313       74.06291328014531                      70
                      90       90.03424332666805       88.48475866191336       86.19993356572486       83.82860327229551       81.75650302287838       80.07863379129753       78.60449536695256       76.88932531255423       74.28428169218539                      70
                      90       90.27399282125727       88.93686001907857       86.81407274388278       84.53913976200553       82.49111846715908       80.76625046418124       79.18154820123547       77.30433871743062        74.5011087674801                      70
                      90       90.50716688416331       89.37688600626379       87.41245819977495       85.23231984604001       83.20867525720755       81.43861152093604       79.74624689372502       77.71067686626498       74.71346206380369                      70
                      90       90.73402363379891       89.80527380411166        87.9955880939316        85.9085996287637       83.90953466182218       82.09598058625764       80.29877802316096       78.10846518097399       74.92140693361219                      70
                      90       90.95480221509291        90.2224322535027       88.56393585823024       86.56842254748513       84.59405727575265       82.73862622839702         80.839331981675       78.49782934444136       75.12500746144278                      70
                      90       91.16972510521964       90.62874497012828       89.11795222401251       87.21221935599524        85.2626014896031       83.36682033969618       81.36810239344793       78.87889578616709       75.32432713514685                      70
                      90       91.37900006007568       91.02457300419174       89.65806702025186       87.84040823553237       85.91552230155955       83.98083678772134       81.88528554029583       79.25179195637895       75.51942931148714                      70
                      90       91.58282176477606       91.41025712216764       90.18469077356046       88.45339499885866       86.55317040239186       84.58095029080748       82.39107980503361       79.61664644245428       75.71037752403494                      70
                      90       91.78137323953446       91.78611977343725       90.69821613679346       89.05157336078214       87.17589147876363       85.16743548014909       82.88568514009602       79.97358896976199       75.89723567121787                      70
                      90       91.97482704271354       92.15246679321538       91.19901916884098       89.63532525448751       87.78402569078058       85.74056611735094       83.36930256632431       80.32275031970089       76.08006811430685                      70
                      90       92.16334630511341       92.50958888395441       91.68746048474172       90.20502117778977       88.37790728844713       86.30061444187476       83.84213370487679       80.66426219030525       76.25893970869846                      70
                      90       92.34708562333871       92.85776290993084       92.16388629238001       90.76102055716309         88.957864338712        86.8478506273197       84.30438034375484       80.99825701892611       76.43391578672714                      70
                      90       92.52619183505021       93.19725303364585       92.62862932963587       91.30367212033399       89.52421854040611       87.38254232914538       84.75624403934722       81.32486778186657       76.60506210617106                      70
                      90       92.70080469483179       93.52831171772982       93.08200971386152       91.83331427053083       90.07728510888623       87.90495430944348       85.19792575259913       81.64422778220433       76.77244477538761                      70
                      90       92.87105746609836       93.85118061201521       93.52433571388626       92.35027545728259       90.61737271581468       88.41534812681419       85.62962551884274       81.95647043417239       76.93613016346127                      70
                      90       93.03707744178548       94.16609134215354       93.95590445334804       92.85487454006227       91.14478347240686       88.91398188140826       86.05154214993073       82.26172905023192       77.09618480173191                      70
                      90       93.19898640437599        94.4732662134612       94.37700255296849       93.34742114216064       91.65981294680449       89.40111000684041       86.46387296705333       82.56013663522894       77.25267528148693                      70
                      90       93.35690103403688       94.77291884147182       94.78790671838857       93.82821599301614       92.16275020809859       89.87698310202998       86.86681356246009       82.85182569067803       77.40566815135882                      70
                      90        93.5109332721831       95.06525471885678       95.18888427933489        94.2975512578724       92.65387789102233       90.34184779713677       87.26055758822488       83.13692803117843            77.555229817                      70
                      90       93.66119064659152       95.35047172687916       95.58019368516486       94.75571085412648       93.13347227653381       90.79594664867754        87.6452965701683       83.41557461417607        77.7014264448535                      70
                      90       93.80777656320927       95.62876059830802        95.9620849612228       95.20297075410053       93.60180338447054       91.23951805966792       88.02121974506809        83.6878953836861       77.84432387125675                      70
                      90       93.95079056899343       95.90030533769318       96.33480012990962       95.63959927424577       94.05913507522911       91.67279622126368       88.38851391933609       83.95401912814405       77.98398751766885                      70
                      90       94.09032858945362       96.16528360404651       96.69857359991407       96.06585735098818        94.5057251580414       92.09601107289986       88.74736334740834       84.21407335222541       78.12048231247306                      70
                      90       94.22648314401772       96.42386706026174       97.05363252665936       96.48199880357026       94.94182550391466       92.50938827836295       89.09794962817811       84.46818416223806       78.25387261955076                      70
                      90       94.35934354188271       96.67622169300792       97.40019714667827        96.8882705843414       95.36768216169959        92.9131492155981       89.44045161789258       84.71647616452803       78.38422217363421                      70
                      90       94.48899606063159       96.92250810632807       97.73848108833225        97.2849130170153       95.78353547606926       93.30751097836023       89.77504535803013       84.95907237623032       78.51159402230719                      70
                      90       94.61552410957785       97.16288179175123        98.0686916610309       97.67216002345141       96.18962020644614       93.69268638807826       90.10190401677312       85.19609414763005        78.6360504744257                      70
                      90       94.73900837953146       97.39749337736606       98.39103012488042       98.05023933953632       96.58616564611911       94.06888401452041       90.42119784278773       85.42766109536466       78.75765305466325                      70
                      90       94.85952698045489       97.62648885799852       98.70569194249011       98.41937272074587       96.97339574095555       94.43630820403534       90.73309413011775       85.65389104568717       78.87646246384308                      70
                      90       94.97715556828686       97.85000980837535       99.01286701448923        98.7797761379619       97.35152920724438       94.79515911430306       91.03775719309034       85.87489998701724         78.992538544694                      70
                      90       95.09196746204994       98.06819358093075       99.31273990015106       99.13165996410335       97.72077964831067       95.14563275466502       91.33534835021956       86.09080203102653        79.1059402526557                      70
                      90       95.20403375222003       98.28117348972155       99.60549002438245       99.47522915211165       98.08135566962595       95.48792103122015       91.62602591617586       86.30170938153317       79.21672563135802                      70
                      90       95.31342340121827       98.48907898174912       99.89129187221455       99.81068340480716       98.43346099220513       95.82221179597401       91.90994520096797        86.5077323105147        79.3249517924048                      70
                      90       95.42020333678397       98.69203579684273       100.1703151718208       100.1382173371075       98.77729456413415       96.14868889941512       92.18725851555635       86.70897914058642        79.4306748991047                      70
                      90        95.5244385389006       98.89016611713268       100.4427250669906       100.4580206310722        99.1130506701152       96.46753224596867       92.45811518318538       86.90555623333292       79.53395015380586                      70
                      90       95.62619212087084       99.08358870703219          100.7086822799         100.77027818421       99.44091903894972       96.77891785184293        92.7226615557845       87.09756798292034       79.63483178850963                      70
                      90       95.72552540507124       99.27241904455106       100.9683432649418       101.0751702514602       99.76108494890656       97.08301790484163       92.98104103484684       87.28511681445849       79.73337305845656                      70
                      90       95.82249799385998       99.45676944467901       101.2218603543082         101.37287258123       100.0737293309439       97.38000082576555       93.23339409624811       87.46830318662055       79.82962623839813                      70
                      90       95.91716783606083       99.63674917550276       101.4693818959541       101.6635565458472       100.3790288697697       97.67003133107124       93.47985831851739        87.6472255980671       79.92364262128665                      70
                      90       96.00959128940298       99.81246456765435       101.7110523845159       101.9473892667614       100.6771561027407       97.95327049649305       93.72056841411796       87.82198059725718       80.01547251913584                      70
                      90       96.09982317925727        99.9840191176301       101.9470125857037       102.2245337348046       100.9682795166062       98.22987582136956        93.9556562633371       87.99266279526397       80.10516526582305                      70
                      90       96.18791685397568       100.1515135854676        102.177399654646       102.4951489257999        101.252563642117       98.50000129344566       94.18525095042305       88.15936488124501       80.19276922162202                      70
                      90       96.27392423711026       100.3150460872217       102.4023472486158       102.7593899117861       101.5301691465198       98.76379745394846       94.40947880164147       88.32217764024755       80.27833177927293                      70
                      90       96.35789587676122       100.4747121826388       102.6219856345378       103.0174079681084       101.8012529239666       99.02141146275899       94.62846342495632        88.4811899730575       80.36189937141202                      70
                      90       96.43988099227984       100.6306049583933       102.8364417916347       103.2693506766045       102.0659681838708       99.27298716352327       94.84232575106896       88.63648891782762       80.44351747919873                      70
                      90       96.51992751853058       100.7828151072133       103.0458395095452       103.5153620251028       102.3244645372435       99.51866514856474       95.05118407557579       88.78815967324392       80.52323064199265                      70
                      90       96.59808214789777       100.9314310031984       103.2502994822151       103.7555825034298       102.5768880810468       99.75858282347738       95.25515410202921       88.93628562301258        80.6010824679454                      70
                      90       96.67439037020515       101.0765387735996       103.4499393978383       103.9901491961135       102.8233814806021       99.99287447129358       95.45434898570849       89.08094836146977       80.67711564538531                      70
                      90       96.74889651070126       101.2182223673115       103.6448740251028       104.2191958719518       103.0640840500908       100.2216713161343       95.64887937792733        89.2222277201361       80.75137195488378                      70
                      90       96.82164376625011       101.3565636203043       103.8352152959724       104.4428530706085       103.2991318311879       100.4451015862613       95.83885347072282       89.36020179505476       80.82389228190291                      70
                      90       96.89267423985376       101.4916423182009       104.0210723852204        104.661248186382       103.5286576698664       100.6632905764615       96.02437704178743       89.49494697476797       80.89471662993334                      70
                      90       96.96202897362286       101.6235362561916       104.2025517869102       104.8745055492866        103.752791291413        100.876360709704       96.20555349952026       89.62653796880164       80.96388413404033                      70
                      90       97.02974798030056       101.7523212964569       104.3797573880038       105.0827465035737       103.9716593736925       101.0844315980172       96.38248392808761       89.75504783654071       81.03143307474404                      70
                      90       97.09587027343663         101.87807142326        104.552790539265       105.2860894838125       104.1853856187019       101.2876201025432       96.55526713239516       89.88054801639008       81.09740089216736                      70
                      90       97.16043389630012       102.0008587958529       104.7217501236109       105.4846500886416       104.3940908224504       101.4860403927329       96.72399968288519       90.00310835512717       81.16182420039132                      70
                      90       97.22347594961144       102.1207537993315       104.8867326220521       105.6785411522955       104.5978929432041       101.6798040046487       96.88877596008243       90.12279713736181       81.22473880196469                      70
                      90       97.28503261816819       102.2378250935609       105.0478321773533       105.8678728140022       104.7969071681327       101.8690198983532        97.0496881988211       90.23968111502877       81.28617970251915                      70
                      90       97.34513919643275       102.3521396602861       105.2051406555346       106.0527525853449       104.9912459783943       102.0537945143597       97.20682653209435       90.35382553684595       81.34618112544754                      70
                      90       97.40383011314438       102.4637628485303       105.3587477053251       106.2332854156693       105.1810192126941       102.2342318291314       97.36027903447413       90.46529417767927       81.40477652660643                      70
                      90       97.46113895501303       102.5727584183777       105.5087408156727       106.4095737556198       105.3663341293531       102.4104334096158       97.51013176505683       90.57414936776188       81.46199860900904                      70
                      90        97.5170984895481       102.6791885832303       105.6552053714049       106.5817176188756       105.5472954669202       102.5824984668057        97.6564688098959       90.68045202172131       81.51787933747823                      70
                      90       97.57174068707097       102.7831140506178       105.7982247071317       106.7498146421604        105.724005503362       102.7505239083219       97.79937232388806        90.7842616673742       81.57244995323248                      70
                      90       97.62509674195586       102.8845940616392        105.937880159471        106.913960143589        105.896564113864       102.9146043900145       97.93892257208458       90.88563647425283       81.62574098838138                      70
                      90       97.67719709314113       102.9836864291042       106.0742511176754       107.0742471794137       106.0650688272741       103.0748323665823       98.07519797040386       90.98463328183261       81.67778228030967                      70
                      90       97.72807144394906       103.0804475744394       106.2074150727312       107.2307665992301       106.2296148812216       103.2312981412126       98.20827512572529       91.08130762743353       81.72860298593153                      70
                      90       97.77774878124966       103.1749325634211       106.3374476649966       107.3836070996954       106.3902952759415       103.3840899142449       98.33822887534794       91.17571377377239       81.77823159579913                      70
                      90       97.82625739400156       103.2671951407874       106.4644227304419       107.5328552768139       106.5472008268352       103.5332938308639       98.46513232580078       91.26790473614625       81.82669594805159                      70
                      90       97.87362489120046       103.3572877637852       106.5884123455498       107.6785956768368        106.700420215797       103.6789940278289       98.58905689099456       91.35793230922994       81.87402324219261                      70
                      90       97.91987821926337       103.4452616346977       106.7094868709309       107.8209108458255       106.8500400413342       103.8212726792481       98.71007232970702        91.4458470934738       81.92024005268603                      70
                      90       97.96504367887508       103.5311667323987       106.8277149937053         107.95988137792       106.9961448675114        103.960210041406       98.82824678239662       91.53169852109002       81.96537234236112                      70
                      90       98.00914694132142        103.615051842976        106.943163768699       108.0955859623575       107.1388172717442       104.0958844966562         98.943646807341       91.61553488161799       82.00944547562007                      70
                      90       98.05221306433205       103.6969645894617       107.0558986584992       108.2281014292793       107.2781378914703       104.2283725963887       99.05633741609883       91.69740334706133       82.05248423144144                      70
                      90       98.09426650745415       103.7769514607089       107.1659835724132        108.357502794365       107.4141854697249       104.3577491030858       99.16638210829512       91.77734999659087       82.09451281617494                      70
                      90       98.13533114697698       103.8550578394461       107.2734809043683         108.48386330233       107.5470368996451       104.4840870314765       99.27384290573158       91.85541984080939       82.13555487612346                      70
                      90       98.17543029042578       103.9313280295442       107.3784515697935       108.6072544693219        107.676767267929       104.6074576888053       99.37878038582475       91.93165684557542       82.17563350990913                      70
                      90       98.21458669064269       104.0058052825249       107.4809550415162       108.7277461242479       107.8034498972736       104.7279307142267       99.48125371437595       92.00610395538467       82.21477128062153                      70
                      90       98.25282255947086       104.0785318233404       107.5810493847096       108.8454064490656       107.9271563878162       104.8455741173409       99.58132067767795       92.07880311630875        82.2529902277462                      70
                      90       98.29015958105722       104.1495488754497       107.6787912909222       108.9603020180674        108.047956657602        104.960454315883       99.67903771396416       92.14979529849167        82.2903118788728                      70
                      90       98.32661892478835       104.2188966852182       107.7742361112193       109.0724978361879       108.1659189821011       105.0726361725821         99.774459944207       92.21912051820586       82.32675726118254                      70
                      90       98.36222125787299       104.2866145456646       107.8674378884672       109.1820573763617       108.2811100327974       105.1821830312037       99.86764120227247       92.28681785946985         82.362346912715                      70
                      90       98.39698675758414       104.3527408195766        107.958449388785       109.2890426159587       108.3935949148703       105.2891567517898       99.95863406443905       92.35292549523064       82.39710089341524                      70
                      90       98.43093512317282       104.4173129620177       108.0473221321924       109.3935140723229       108.5034372039922       105.3936177451121       100.0474898782889       92.41748070811428       82.43103879596195                      70
                      90       98.46408558746479       104.4803675422462       108.1341064224775       109.4955308374393       108.6106989822603       105.4956250063528       100.1342587909803       92.48051991074895       82.46417975637833                      70
                      90       98.49645692815146       104.5419402650635       108.2188513763085       109.5951506117526       108.7154408732855       105.5952361480283       100.2189897769099       92.54207866566485       82.49654246442716                      70
                      90       98.52806747878468       104.6020659916127        108.301604951612        109.692429737161       108.8177220764559       105.6925074321687       100.3017306647752       92.60219170477593       82.52814517379237                      70
                      90       98.55893513948577       104.6607787596431       108.3824139752397       109.7874232292071       108.9176004003962       105.7874938017703       100.3825281640455       92.66089294844902       82.55900571204893                      70
                      90       98.58907738737763       104.7181118032579       108.4613241699444       109.8801848084874       109.0151322956406       105.8802489115337        100.461427890852       92.71821552416547       82.58914149042388                      70
                      90       98.61851128674893       104.7740975721607       108.5383801806856       109.9707669313009       109.1103728865382       105.9708251579028       100.5384743933066       92.77419178478158       82.61856951335081                      70
                      90       98.64725349895869       104.8287677504172        108.613625600283       110.0592208195573       109.2033760024087       106.0592737084193       100.6137111762594        92.8288533263935       82.64730638782068                      70
                      90       98.67532029208932       104.8821532747443       108.6871029944368       110.1455964899629       109.2941942079669       106.1456445304055       100.6871807255057       92.88223100581315       82.67536833253187                      70
                      90       98.70272755035575       104.9342843523426       108.7588539261326       110.2299427825047       109.3828788330312       106.2299864189914       100.7589245314511       92.93435495766117       82.70277118684241                      70
                      90        98.7294907832779       104.9851904782847        108.828918979448       110.3123073882488       109.4694800015353       106.3123470244984       100.8289831122469       92.98525461108358       82.72953041952742                      70
                      90        98.7556251346235       105.0349004524716       108.8973377827767       110.3927368764725       109.5540466598577        106.392772879194       100.8973960364038       93.03495870609862         82.755661137345                      70
                      90       98.78114539112808       105.0834423961706       108.9641490314862        110.471276721145       109.6366266044859       106.4713094234307       100.9642019448959        93.0834953095803       82.78117809341374                      70
                      90       98.80606599099822       105.1308437681454       109.0293905100243       110.5479713267758       109.7172665090309       106.5480010311827       101.0294385727642       93.13089183088539       82.80609569540511                      70
                      90       98.83040103220466       105.1771313803903       109.0930991134894       110.6228640536437       109.7960119506061       106.6228910349929       101.0931427702295       93.17717503713037       82.83042801355383                      70
                      90       98.85416428057079       105.2223314134789       109.1553108686784       110.6959972424248        109.872907435588       106.6960217503439       101.1553505233246        93.2223710681251       82.85418878848996                      70
                      90       98.87736917766242       105.2664694315381       109.2160609546254       110.7674122382319       109.9479964247702        106.767434499465       101.2160969740571       93.26650545096987       82.87739143889549                      70
                      90        98.9000288484843       105.3095703968582       109.2753837226457       110.8371494140826       110.0213213579278       106.8371696345874       101.2754164401098       93.30960311432227       82.90004906898911                      70
                      90       98.92215610898849       105.3516586841468       109.3333127158973       110.9052481938077       110.0929236778033       106.9052665606616       101.3333424340911       93.35168840234063       82.92217447584235                      70
                      90       98.94376347339993       105.3927580944382       109.3898806884714       110.9717470744152       110.1628438535303       106.9717637575458       101.3899076823436       93.39278508831048       82.94378015653045                      70
                      90       98.96486316136382       105.4328918686663       109.4451196240257       111.0366836479234       110.2311214035064       107.0366988016806       101.4451441433199       93.43291638796055       82.96487831512103                      70
                      90       98.98546710491978       105.4720827009093       109.4990607539706        111.100094622675       110.2977949177283       107.1001083872593       101.4990830255359       93.47210497247463       82.98548086950414                      70
                      90       99.00558695530719       105.5103527513158       109.5517345752206       111.1620158441458       110.3629020796029       107.1620283469054       101.5517548051105       93.51037298120575       83.00559945806674                      70
                      90       99.02523408960622       105.5477236587202       109.6031708675212       111.2224823152606       110.4264796872458       107.2224936718691       101.6031892428999       93.54774203409886       83.02524544621477                      70
                      90       99.04441961721876       105.5842165529544       109.6533987103622       111.2815282162267        110.488563674279        107.281538531754        101.653415401236       93.58423324382824       83.04442993274608                      70
                      90        99.0631543861935        105.619852066865       109.7024464994875       111.3391869238988       110.5491891301404       107.3391962937827       101.7024616602781       93.61986722765569       83.06316375607742                      70
                      90       99.08144898939891       105.6546503480426       109.7503419630125       111.3954910306852       110.6083903199166       107.3954995416146       101.7503557339856       93.65466411901561        83.0814575003283                      70
                      90       99.09931377054833       105.6886310702702       109.7971121771569       111.4504723630064       110.6662007037086       107.4504800937232       101.7971246857195       93.68864357883277       83.09932150126514                      70
                      90       99.11675883008067       105.7218134446991       109.8427835816037       111.5041619993181       110.7226529555436       107.5041690213459       101.8427949434833       93.72182480657865       83.11676585210841                      70
                      90        99.1337940309004       105.7542162307571       109.8873819944938       111.5565902877078        110.777778981842       107.5565966660134       101.8873923148089       93.75422655107222       83.13380040920593                      70
                      90       99.15042900398059       105.7858577467976       109.9309326270641       111.6077868630758       110.8316099394509       107.6077926566703       101.9309420012969       93.78586712103044        83.1504347975751                      70
                      90       99.16667315383201       105.8167558804948       109.9734600979386       111.6577806639101       110.8841762532535       107.6577859263951       101.9734686128183       93.81676439537442       83.16667841631704                      70
                      90       99.18253566384207       105.8469280989916        110.014988447081       111.7065999486665       110.9355076333651       107.7066047287298       102.0149961813859       93.84693583329648        83.1825404439054                      70
                      90       99.19802550148653       105.8763914588065       110.0555411494157       111.7542723117607        110.985633091925       107.7542766536268       102.0555481747027        93.8763984840934       83.19802984335264                      70
                      90       99.21315142341722       105.9051626155052        110.095141128128       111.8008246991844        111.034580959494       107.8008286430237        102.095147509394       93.90516899677117       83.21315536725648                      70
                      90       99.22792198042889       105.9332578331429       110.1338107676478       111.8462834237523       111.0823789010668       107.8462870060525       102.1338165639313       93.93326362942643       83.22792556272913                      70
                      90         99.242345522308        105.960692993482       110.1715719263274       111.8906741799898       111.1290539317079        107.890677433894        102.171577191255       93.96069825840958       83.24234877621217                      70
                      90       99.25643020256652       105.9874836049925       110.2084459488192       111.9340220586703       111.1746324318202        107.934025014283       102.2084507311012       93.98748838727441       83.25643315817931                      70
                      90       99.27018398306346        106.013644811638       110.2444536781608       111.9763515610091       111.2191401620553       107.9763542456754       102.2444580220421       94.01364915551932       83.27018666772977                      70
                      90        99.2836146385168       106.0391914014549       110.2796154675746       112.0176866125237        111.262602277873       108.0176890510817       102.2796194132443       94.03919534712462       83.28361707707479                      70
                      90       99.29672976090858       106.0641378149278       110.3139511919894       112.0580505765668       111.3050433437593       108.0580527915777       102.3139547759523       94.06414139889071       83.29673197591949                      70
                      90       99.30953676378581       106.0884981531673       110.3474802592889       112.0974662675415       111.3464873471095       108.0974682794983       102.3474835147033       94.08850140858171       83.30953877574258                      70
                      90       99.32204288645946       106.1122861858942        110.380221621296       112.1359559638043       111.3869577117865       108.1359577913213       102.3802245782806       94.11228914287882       83.32204471397642                      70
                      90       99.33425519810422       106.1355153592356       110.4121937844973       112.1735414202651       111.4264773113591       108.1735430802503       102.4121964704097         94.135518045148       83.33425685808933                      70
                      90       99.34618060176143       106.1581988033362       110.4434148205145       112.2102438806905       111.4650684820304       108.2102453885017       102.4434172602043       94.15820124302604       83.34618210957265                      70
                      90       99.35782583824732       106.1803493397904       110.4739023763297       112.2460840897169        111.502753035262       108.2460854593043       102.4739045923686       94.18035155582933        83.3578272078347                      70
                      90       99.36919748996898       106.2019794888988       110.5036736842689       112.2810823045819       111.5395522701013       108.2810835486167       102.5036756971595       94.20198150178938       83.36919873400376                      70
                      90       99.38030198465026       106.2231014767538       110.5327455717509       112.3152583065785       111.5754869852204       108.3152594365704       102.5327474001161       94.22310330511897       83.38030311464209                      70
                      90       99.39114559896973       106.2437272421576       110.5611344708059        112.348631412241       111.6105774906703       108.3486324386444       102.5611361315615       94.24372890291315       83.39114662537312                      70
                      90       99.40173446211276       106.2638684433774       110.5888564273705       112.3812204842667       111.6448436193611       108.3812214165778       102.5888579358815       94.26386995188847       83.40173539442387                      70
                      90       99.41207455923988       106.2835364647415        110.615927110363       112.4130439421814       111.6783047382705       108.4130447890258        102.615928480586       94.28353783496462       83.41207540608433                      70
                      90       99.42217173487339       106.3027424230796        110.642361820546       112.4441197727534       111.7109797593904       108.4441205419661       102.6423630651582        94.3027436676918       83.42217250408603                      70
                      90       99.43203169620395       106.3214971740114       110.6681754991795       112.4744655401636       111.7428871504157       108.4744662388611       102.6681766296958       94.32149830452765       83.43203239490146                      70
                      90       99.44166001631946       106.3398113180873       110.6933827364711        112.504098395935       111.7740449451821       108.5040990305816       102.6933837633509       94.33981234496704       83.44166065096607                      70
                      90       99.45106213735774       106.3576952067844        110.717997779826         112.53303508863       111.8044707538587       108.5330356650974       102.7179987125698       94.35769613952824       83.45106271382512                      70
                      90       99.46024337358496       106.3751589483613       110.7420345419047        112.561291973319       111.8341817729011       108.5612924969406       102.7420353891422       94.37515979559879       83.46024389720652                      70
                      90       99.46920891440158       106.3922124135747       110.7655066084894       112.5888850208264       111.8631947947709       108.5888854964466       102.7655073780591       94.39221318314438       83.46920939002179                      70
                      90       99.47796382727743        106.408865241262       110.7884272461665       112.6158298267593       111.8915262174264       108.6158302587785       102.7884279451883        94.4088659402838       83.47796425929666                      70
                      90       99.48651306061782       106.4251268437921       110.8108094098274       112.6421416203242       111.9191920535908       108.6421420127394       102.8108100447686       94.42512747873329       83.48651345303306                      70
                      90       99.49486144656206       106.4410064123881       110.8326657499939        112.667835272936       111.9462079398025       108.6678356293778       102.8326663267288       94.44100698912303       83.49486180300386                      70
                      90       99.50301370371609       106.4565129223245       110.8540086199703        112.692925306625       111.9725891452526       108.6929256303911       102.8540091438349       94.45651344618913       83.50301402748221                      70
                      90       99.51097443982094       106.4716551380028       110.8748500828282       112.7174259022456       111.9983505804152       108.7174261963315       102.8748505586691       94.47165561384378       83.51097473390682                      70
                      90       99.51874815435825       106.4864416179066        110.895201918226       112.7413509074932       112.0235068054744       108.7413511746197       102.8952023504457       94.48644205012631       83.51874842148473                      70
                      90       99.52633924109455        106.500880719441       110.9150756290692       112.7647138447317       112.0480720385538       108.7647140873702       102.9150760216665       94.50088111203831       83.52633948373305                      70
                      90       99.53375199056568       106.5149806036579       110.9344824480131       112.7875279186371       112.0720601637524       108.7875281390325       102.9344828046203       94.51498096026513       83.53375221096107                      70
                      90       99.54099059250272       106.5287492398703       110.9534333438133       112.8098060236621       112.0954847389919       108.8098062238534       102.9534336677297       94.52874956378673       83.54099079269407                      70
                      90       99.54805913820098       106.5421944101577       110.9719390275264       112.8315607513246       112.1183590036795       108.8315609331641       102.9719393217488       94.54219470438012       83.54805932004041                      70
                      90       99.55496162283305       106.5553237137659       110.9900099585652       112.8528043973253       112.1406958861906       108.8528045624952       102.9900102258157       94.55532398101639       83.55496178800293                      70
                      90       99.56170194770769       106.5681445714032       111.0076563506115       112.8735489684977       112.1625080111761       108.8735491185261       103.0076565933627       94.56814481415431       83.56170209773613                      70
                      90       99.56828392247544       106.5806642294356       111.0248881773899       112.8938061895949       112.1838077066973         108.89380632587       103.0248883978876       94.58066444993327       83.56828405875051                      70
                      90       99.57471126728245       106.5928897639835       111.0417151783058       112.9135875099174       112.2046070111941       108.9135876336998         103.04171537859       94.59288996426775       83.57471139106492                      70
                      90       99.58098761487361       106.6048280849219       111.0581468639509       112.9329041097841       112.2249176802891       108.9329042222192       103.0581470458748       94.60482826684574        83.5809877273087                      70
                      90       99.58711651264622       106.6164859397866       111.0741925214797       112.9517669068524       112.2447511934311       108.9517670089804       103.0741926867262       94.61648610503313       83.58711661477417                      70
                      90        99.5931014246555       106.6278699175886       111.0898612198585       112.9701865622889       112.2641187603841       108.9701866550546       103.0898613699566       94.62787006768663        83.5931015174212                      70
                      90       99.59894573357279       106.6389864525387       111.1051618149927       112.9881734867956       112.2830313275622       108.9881735710573        103.105161951331       94.63898658887703       83.59894581783449                      70
                      90       99.60465274259782       106.6498418276852       111.1201029547322        113.005737846494        112.301499584217       109.0057379230312       103.1201030785721        94.6498419515251        83.6046528191351                      70
                      90       99.61022567732599       106.6604421784648       111.1346930837594       113.0228895686718       112.3195339684789       109.0228896381927       103.1346931962467       94.66044229095209       83.61022574684695                      70
                      90       99.61566768757174       106.6707934961715       111.1489404483634       113.0396383473936       112.3371446732565       109.0396384105415       103.1489405505388       94.67079359834689        83.6156677507196                      70
                      90       99.62098184914915       106.6809016313429       111.1628531011003       113.0559936489805       112.3543416519978       109.0559937063395       103.1628531939091       94.68090172415171       83.62098190650812                      70
                      90       99.62617116561054       106.6907722970675       111.1764389053455       113.0719647173605       112.3711346243157       109.0719647694613       103.1764389896463       94.69077238136833       83.62617121771132                      70
                      90       99.63123856994436       106.7004110722139       111.1897055397381       113.0875605792932       112.3875330814814       109.0875606266178       103.1897056163109       94.70041114878669       83.63123861726896                      70
                      90       99.63618692623308       106.7098234045843       111.2026605025212       113.1027900494722        112.403546291789       109.1027900924585       103.2026605720745       94.70982347413756       83.63618696921934                      70
                      90       99.64101903127212       106.7190146139942       111.2153111157803       113.1176617355071       112.4191833057937       109.1176617745528       103.2153111789575       94.71901467717137       83.64101907031775                      70
                      90        99.6457376161508       106.7279898952789       111.2276645295818       113.1321840427886       112.4344529614271       109.1321840782548       103.2276645869674       94.72798995266449       83.64573765161704                      70
                      90       99.65034534779603       106.7367543212302       111.2397277260144       113.1463651792393       112.4493638889925       109.1463652114543       103.2397277781394       94.73675437335511       83.65034538001102                      70
