                        0
                      3.2
                      6.4
                      9.6
                     12.8
                       16
                     19.2
                     22.4
                     25.6
                     28.8
                       32
                     35.2
                     38.4
                     41.6
                     44.8
                       48
                     51.2
                     54.4
                     57.6
                     60.8
                       64
                     67.2
        70.40000000000001
        73.59999999999999
                     76.8
                       80
                     83.2
        86.40000000000001
        89.59999999999999
                     92.8
                       96
                     99.2
                    102.4
                    105.6
                    108.8
                      112
                    115.2
                    118.4
                    121.6
                    124.8
                      128
                    131.2
                    134.4
                    137.6
                    140.8
                      144
                    147.2
                    150.4
                    153.6
                    156.8
                      160
                    163.2
                    166.4
                    169.6
                    172.8
                      176
                    179.2
                    182.4
                    185.6
                    188.8
                      192
                    195.2
                    198.4
                    201.6
                    204.8
                      208
                    211.2
                    214.4
                    217.6
                    220.8
                      224
                    227.2
                    230.4
                    233.6
                    236.8
                      240
                    243.2
                    246.4
                    249.6
                    252.8
                      256
                    259.2
                    262.4
                    265.6
                    268.8
                      272
                    275.2
                    278.4
                    281.6
                    284.8
                      288
                    291.2
                    294.4
                    297.6
                    300.8
                      304
                    307.2
                    310.4
                    313.6
                    316.8
                      320
                    323.2
                    326.4
                    329.6
                    332.8
                      336
                    339.2
                    342.4
                    345.6
                    348.8
                      352
                    355.2
                    358.4
                    361.6
                    364.8
                      368
                    371.2
                    374.4
                    377.6
                    380.8
                      384
                    387.2
                    390.4
                    393.6
                    396.8
                      400
                    403.2
                    406.4
                    409.6
                    412.8
                      416
                    419.2
                    422.4
                    425.6
                    428.8
                      432
                    435.2
                    438.4
                    441.6
                    444.8
                      448
                    451.2
                    454.4
                    457.6
                    460.8
                      464
                    467.2
                    470.4
                    473.6
                    476.8
                      480
                    483.2
                    486.4
                    489.6
                    492.8
                      496
                    499.2
                    502.4
                    505.6
                    508.8
                      512
                    515.2
                    518.4
                    521.6
                    524.8
                      528
                    531.2
                    534.4
                    537.6
                    540.8
                      544
                    547.2
                    550.4
                    553.6
                    556.8
                      560
                    563.2
                    566.4
                    569.6
                    572.8
                      576
                    579.2
                    582.4
                    585.6
                    588.8
                      592
                    595.2
                    598.4
                    601.6
                    604.8
                      608
                    611.2
                    614.4
                    617.6
                    620.8
                      624
                    627.2
                    630.4
                    633.6
                    636.8
                      640
